(1280, 720)
(43, 43)
1 1
(140, 168, 119)
(141, 168, 119)
1 2
(166, 194, 145)
(167, 194, 145)
1 3
(174, 202, 153)
(175, 202, 153)
1 4
(147, 175, 126)
(148, 175, 126)
1 5
(138, 166, 117)
(139, 166, 117)
1 6
(147, 175, 126)
(148, 175, 126)
1 7
(139, 167, 118)
(140, 167, 118)
1 10
(141, 169, 121)
(142, 169, 121)
1 11
(141, 169, 121)
(142, 169, 121)
1 14
(141, 169, 121)
(142, 169, 121)
1 16
(142, 170, 122)
(143, 170, 122)
1 20
(141, 169, 121)
(142, 169, 121)
1 21
(141, 169, 121)
(142, 169, 121)
1 23
(141, 169, 121)
(142, 169, 121)
1 25
(141, 169, 121)
(142, 169, 121)
1 26
(141, 169, 121)
(142, 169, 121)
1 27
(141, 169, 121)
(142, 169, 121)
1 28
(141, 169, 121)
(142, 169, 121)
1 30
(141, 169, 121)
(142, 169, 121)
1 31
(141, 169, 121)
(142, 169, 121)
1 32
(140, 168, 119)
(141, 168, 119)
1 33
(140, 168, 119)
(141, 168, 119)
1 35
(140, 168, 119)
(141, 168, 119)
1 36
(140, 168, 119)
(141, 168, 119)
1 37
(140, 168, 119)
(141, 168, 119)
1 38
(140, 168, 119)
(141, 168, 119)
1 39
(140, 168, 119)
(141, 168, 119)
1 40
(141, 169, 120)
(142, 169, 120)
1 41
(141, 169, 120)
(142, 169, 120)
2 1
(142, 170, 121)
(143, 170, 121)
2 7
(138, 166, 117)
(139, 166, 117)
2 16
(141, 169, 121)
(142, 169, 121)
2 18
(141, 169, 121)
(142, 169, 121)
2 21
(141, 169, 121)
(142, 169, 121)
2 22
(141, 169, 121)
(142, 169, 121)
2 24
(141, 169, 121)
(142, 169, 121)
2 25
(141, 169, 121)
(142, 169, 121)
2 29
(141, 169, 121)
(142, 169, 121)
2 30
(141, 169, 121)
(142, 169, 121)
2 35
(140, 168, 119)
(141, 168, 119)
2 41
(141, 169, 120)
(142, 169, 120)
3 1
(144, 172, 123)
(145, 172, 123)
3 3
(158, 186, 137)
(159, 186, 137)
3 4
(145, 173, 124)
(146, 173, 124)
3 5
(138, 166, 117)
(139, 166, 117)
3 7
(143, 171, 122)
(144, 171, 122)
3 9
(141, 169, 121)
(142, 169, 121)
3 10
(141, 169, 121)
(142, 169, 121)
3 11
(141, 169, 121)
(142, 169, 121)
3 14
(141, 169, 121)
(142, 169, 121)
3 19
(141, 169, 121)
(142, 169, 121)
3 20
(141, 169, 121)
(142, 169, 121)
3 21
(141, 169, 121)
(142, 169, 121)
3 24
(141, 169, 121)
(142, 169, 121)
3 26
(141, 169, 121)
(142, 169, 121)
3 29
(141, 169, 121)
(142, 169, 121)
3 30
(141, 169, 121)
(142, 169, 121)
3 31
(141, 169, 121)
(142, 169, 121)
3 35
(140, 168, 119)
(141, 168, 119)
3 37
(140, 168, 119)
(141, 168, 119)
3 38
(140, 168, 119)
(141, 168, 119)
3 39
(140, 168, 119)
(141, 168, 119)
3 41
(140, 168, 119)
(141, 168, 119)
4 1
(143, 171, 123)
(144, 171, 123)
4 3
(138, 166, 118)
(139, 166, 118)
4 4
(142, 170, 122)
(143, 170, 122)
4 5
(140, 168, 120)
(141, 168, 120)
4 7
(145, 173, 125)
(146, 173, 125)
4 9
(141, 169, 120)
(142, 169, 120)
4 11
(141, 169, 120)
(142, 169, 120)
4 14
(141, 169, 120)
(142, 169, 120)
4 15
(141, 169, 120)
(142, 169, 120)
4 16
(141, 169, 121)
(142, 169, 121)
4 18
(141, 169, 121)
(142, 169, 121)
4 22
(141, 169, 121)
(142, 169, 121)
4 23
(141, 169, 121)
(142, 169, 121)
4 24
(141, 169, 121)
(142, 169, 121)
4 25
(141, 169, 121)
(142, 169, 121)
4 27
(141, 169, 121)
(142, 169, 121)
4 28
(141, 169, 121)
(142, 169, 121)
4 30
(141, 169, 121)
(142, 169, 121)
4 31
(141, 169, 121)
(142, 169, 121)
4 32
(140, 168, 119)
(141, 168, 119)
4 35
(140, 168, 119)
(141, 168, 119)
4 37
(140, 168, 119)
(141, 168, 119)
4 38
(140, 168, 119)
(141, 168, 119)
4 39
(140, 168, 119)
(141, 168, 119)
4 41
(140, 168, 119)
(141, 168, 119)
5 1
(141, 169, 121)
(142, 169, 121)
5 3
(141, 169, 121)
(142, 169, 121)
5 4
(142, 170, 122)
(143, 170, 122)
5 5
(143, 171, 123)
(144, 171, 123)
5 7
(142, 170, 122)
(143, 170, 122)
5 9
(141, 169, 120)
(142, 169, 120)
5 11
(141, 169, 120)
(142, 169, 120)
5 12
(141, 169, 120)
(142, 169, 120)
5 13
(140, 168, 119)
(141, 168, 119)
5 15
(140, 168, 119)
(141, 168, 119)
5 17
(141, 169, 121)
(142, 169, 121)
5 18
(141, 169, 121)
(142, 169, 121)
5 19
(141, 169, 121)
(142, 169, 121)
5 22
(141, 169, 121)
(142, 169, 121)
5 23
(141, 169, 121)
(142, 169, 121)
5 24
(141, 169, 121)
(142, 169, 121)
5 27
(141, 169, 121)
(142, 169, 121)
5 29
(141, 169, 121)
(142, 169, 121)
5 30
(141, 169, 121)
(142, 169, 121)
5 31
(141, 169, 121)
(142, 169, 121)
5 35
(140, 168, 119)
(141, 168, 119)
5 37
(140, 168, 119)
(141, 168, 119)
5 38
(140, 168, 119)
(141, 168, 119)
5 39
(140, 168, 119)
(141, 168, 119)
5 41
(140, 168, 119)
(141, 168, 119)
6 1
(141, 169, 121)
(142, 169, 121)
6 7
(141, 169, 121)
(142, 169, 121)
6 10
(140, 168, 119)
(141, 168, 119)
6 11
(140, 168, 119)
(141, 168, 119)
6 12
(140, 168, 119)
(141, 168, 119)
6 13
(140, 168, 119)
(141, 168, 119)
6 14
(140, 168, 119)
(141, 168, 119)
6 16
(140, 168, 120)
(141, 168, 120)
6 17
(140, 168, 120)
(141, 168, 120)
6 18
(140, 168, 120)
(141, 168, 120)
6 19
(141, 169, 121)
(142, 169, 121)
6 20
(141, 169, 121)
(142, 169, 121)
6 23
(141, 169, 121)
(142, 169, 121)
6 24
(141, 169, 121)
(142, 169, 121)
6 26
(141, 169, 121)
(142, 169, 121)
6 27
(141, 169, 121)
(142, 169, 121)
6 30
(141, 169, 121)
(142, 169, 121)
6 32
(141, 169, 120)
(142, 169, 120)
6 33
(141, 169, 120)
(142, 169, 120)
6 35
(141, 169, 120)
(142, 169, 120)
6 41
(140, 168, 119)
(141, 168, 119)
7 1
(143, 171, 123)
(144, 171, 123)
7 2
(140, 168, 120)
(141, 168, 120)
7 3
(139, 167, 119)
(140, 167, 119)
7 4
(142, 170, 122)
(143, 170, 122)
7 5
(143, 171, 123)
(144, 171, 123)
7 6
(142, 170, 122)
(143, 170, 122)
7 7
(143, 171, 123)
(144, 171, 123)
7 9
(140, 168, 119)
(141, 168, 119)
7 11
(140, 168, 119)
(141, 168, 119)
7 13
(140, 168, 119)
(141, 168, 119)
7 15
(139, 167, 118)
(140, 167, 118)
7 17
(140, 168, 120)
(141, 168, 120)
7 19
(141, 169, 121)
(142, 169, 121)
7 21
(141, 169, 121)
(142, 169, 121)
7 23
(141, 169, 121)
(142, 169, 121)
7 25
(141, 169, 121)
(142, 169, 121)
7 27
(141, 169, 121)
(142, 169, 121)
7 29
(141, 169, 121)
(142, 169, 121)
7 31
(141, 169, 121)
(142, 169, 121)
7 33
(141, 169, 120)
(142, 169, 120)
7 35
(141, 169, 120)
(142, 169, 120)
7 36
(141, 169, 120)
(142, 169, 120)
7 37
(141, 169, 120)
(142, 169, 120)
7 38
(141, 169, 120)
(142, 169, 120)
7 39
(141, 169, 120)
(142, 169, 120)
7 40
(141, 169, 120)
(142, 169, 120)
7 41
(141, 169, 120)
(142, 169, 120)
8 12
(140, 168, 120)
(141, 168, 120)
8 14
(140, 168, 120)
(141, 168, 120)
8 15
(140, 168, 120)
(141, 168, 120)
8 16
(141, 169, 118)
(142, 169, 118)
8 17
(141, 169, 118)
(142, 169, 118)
8 18
(141, 169, 120)
(142, 169, 120)
8 25
(141, 169, 120)
(142, 169, 120)
8 28
(141, 169, 121)
(142, 169, 121)
8 29
(141, 169, 121)
(142, 169, 121)
8 30
(141, 169, 121)
(142, 169, 121)
9 1
(143, 171, 123)
(144, 171, 123)
9 2
(143, 171, 123)
(144, 171, 123)
9 3
(143, 171, 123)
(144, 171, 123)
9 6
(143, 171, 123)
(144, 171, 123)
9 7
(143, 171, 123)
(144, 171, 123)
9 8
(142, 170, 122)
(143, 170, 122)
9 9
(142, 170, 122)
(143, 170, 122)
9 10
(141, 169, 121)
(142, 169, 121)
9 11
(140, 168, 120)
(141, 168, 120)
9 12
(140, 168, 120)
(141, 168, 120)
9 13
(140, 168, 120)
(141, 168, 120)
9 16
(141, 169, 118)
(142, 169, 118)
9 19
(141, 169, 120)
(142, 169, 120)
9 20
(141, 169, 120)
(142, 169, 120)
9 21
(141, 169, 120)
(142, 169, 120)
9 22
(141, 169, 120)
(142, 169, 120)
9 24
(141, 169, 120)
(142, 169, 120)
9 25
(141, 169, 120)
(142, 169, 120)
9 26
(141, 169, 121)
(142, 169, 121)
9 27
(141, 169, 121)
(142, 169, 121)
9 28
(141, 169, 121)
(142, 169, 121)
9 30
(141, 169, 121)
(142, 169, 121)
9 34
(141, 169, 121)
(142, 169, 121)
9 37
(141, 169, 121)
(142, 169, 121)
9 38
(141, 169, 121)
(142, 169, 121)
9 39
(141, 169, 121)
(142, 169, 121)
10 9
(142, 170, 122)
(143, 170, 122)
10 10
(141, 169, 121)
(142, 169, 121)
10 14
(140, 168, 120)
(141, 168, 120)
10 16
(140, 168, 117)
(141, 168, 117)
10 20
(140, 168, 119)
(141, 168, 119)
10 22
(140, 168, 119)
(141, 168, 119)
10 23
(140, 168, 119)
(141, 168, 119)
10 24
(140, 168, 119)
(141, 168, 119)
10 26
(141, 169, 121)
(142, 169, 121)
10 27
(141, 169, 121)
(142, 169, 121)
10 28
(141, 169, 121)
(142, 169, 121)
10 29
(141, 169, 121)
(142, 169, 121)
10 33
(141, 169, 121)
(142, 169, 121)
10 34
(141, 169, 121)
(142, 169, 121)
10 35
(141, 169, 121)
(142, 169, 121)
10 36
(141, 169, 121)
(142, 169, 121)
10 37
(141, 169, 121)
(142, 169, 121)
10 39
(141, 169, 121)
(142, 169, 121)
11 1
(144, 172, 123)
(145, 172, 123)
11 3
(143, 171, 122)
(144, 171, 122)
11 6
(143, 171, 122)
(144, 171, 122)
11 7
(143, 171, 122)
(144, 171, 122)
11 8
(143, 171, 122)
(144, 171, 122)
11 11
(141, 169, 120)
(142, 169, 120)
11 12
(140, 168, 119)
(141, 168, 119)
11 17
(140, 168, 117)
(141, 168, 117)
11 19
(140, 168, 119)
(141, 168, 119)
11 20
(140, 168, 119)
(141, 168, 119)
11 22
(140, 168, 119)
(141, 168, 119)
11 23
(140, 168, 119)
(141, 168, 119)
11 25
(140, 168, 119)
(141, 168, 119)
11 26
(141, 169, 121)
(142, 169, 121)
11 27
(141, 169, 121)
(142, 169, 121)
11 28
(141, 169, 121)
(142, 169, 121)
11 29
(141, 169, 121)
(142, 169, 121)
11 31
(141, 169, 121)
(142, 169, 121)
11 33
(141, 169, 121)
(142, 169, 121)
11 38
(141, 169, 121)
(142, 169, 121)
11 39
(141, 169, 121)
(142, 169, 121)
11 40
(141, 169, 121)
(142, 169, 121)
12 2
(144, 172, 123)
(145, 172, 123)
12 3
(143, 171, 122)
(144, 171, 122)
12 4
(143, 171, 122)
(144, 171, 122)
12 6
(143, 171, 122)
(144, 171, 122)
12 10
(142, 170, 121)
(143, 170, 121)
12 11
(141, 169, 120)
(142, 169, 120)
12 14
(140, 168, 119)
(141, 168, 119)
12 18
(140, 168, 119)
(141, 168, 119)
12 19
(140, 168, 119)
(141, 168, 119)
12 21
(140, 168, 119)
(141, 168, 119)
12 27
(140, 168, 120)
(141, 168, 120)
12 28
(141, 169, 121)
(142, 169, 121)
12 29
(141, 169, 121)
(142, 169, 121)
12 30
(141, 169, 121)
(142, 169, 121)
12 33
(141, 169, 121)
(142, 169, 121)
12 35
(141, 169, 121)
(142, 169, 121)
12 36
(141, 169, 121)
(142, 169, 121)
12 37
(141, 169, 121)
(142, 169, 121)
12 38
(141, 169, 121)
(142, 169, 121)
12 41
(141, 169, 121)
(142, 169, 121)
13 2
(144, 172, 123)
(145, 172, 123)
13 6
(143, 171, 122)
(144, 171, 122)
13 7
(144, 172, 123)
(145, 172, 123)
13 9
(143, 171, 122)
(144, 171, 122)
13 11
(141, 169, 120)
(142, 169, 120)
13 14
(140, 168, 119)
(141, 168, 119)
13 16
(140, 168, 117)
(141, 168, 117)
13 18
(140, 168, 119)
(141, 168, 119)
13 19
(140, 168, 119)
(141, 168, 119)
13 26
(140, 168, 120)
(141, 168, 120)
13 29
(141, 169, 121)
(142, 169, 121)
13 30
(141, 169, 121)
(142, 169, 121)
13 31
(141, 169, 121)
(142, 169, 121)
13 38
(141, 169, 121)
(142, 169, 121)
13 39
(141, 169, 121)
(142, 169, 121)
13 41
(141, 169, 121)
(142, 169, 121)
14 3
(144, 172, 123)
(145, 172, 123)
14 4
(144, 172, 123)
(145, 172, 123)
14 6
(144, 172, 123)
(145, 172, 123)
14 9
(143, 171, 122)
(144, 171, 122)
14 10
(142, 170, 121)
(143, 170, 121)
14 11
(141, 169, 120)
(142, 169, 120)
14 12
(140, 168, 119)
(141, 168, 119)
14 18
(140, 168, 119)
(141, 168, 119)
14 20
(140, 168, 119)
(141, 168, 119)
14 22
(140, 168, 119)
(141, 168, 119)
14 24
(140, 168, 119)
(141, 168, 119)
14 26
(140, 168, 120)
(141, 168, 120)
14 28
(140, 168, 120)
(141, 168, 120)
14 33
(141, 169, 121)
(142, 169, 121)
14 35
(141, 169, 121)
(142, 169, 121)
14 37
(141, 169, 121)
(142, 169, 121)
14 38
(141, 169, 121)
(142, 169, 121)
14 40
(141, 169, 121)
(142, 169, 121)
15 6
(144, 172, 121)
(145, 172, 121)
15 7
(144, 172, 121)
(145, 172, 121)
15 8
(144, 172, 121)
(145, 172, 121)
15 9
(143, 171, 120)
(144, 171, 120)
15 10
(142, 170, 119)
(143, 170, 119)
15 11
(141, 169, 118)
(142, 169, 118)
15 14
(140, 168, 117)
(141, 168, 117)
15 19
(140, 168, 119)
(141, 168, 119)
15 20
(140, 168, 119)
(141, 168, 119)
15 21
(140, 168, 119)
(141, 168, 119)
15 22
(140, 168, 119)
(141, 168, 119)
15 23
(140, 168, 119)
(141, 168, 119)
15 24
(140, 168, 119)
(141, 168, 119)
15 25
(140, 168, 119)
(141, 168, 119)
15 26
(140, 168, 120)
(141, 168, 120)
15 27
(140, 168, 120)
(141, 168, 120)
15 31
(141, 169, 121)
(142, 169, 121)
15 33
(141, 169, 121)
(142, 169, 121)
15 34
(141, 169, 121)
(142, 169, 121)
15 35
(141, 169, 121)
(142, 169, 121)
15 36
(141, 169, 121)
(142, 169, 121)
15 37
(141, 169, 121)
(142, 169, 121)
15 39
(141, 169, 121)
(142, 169, 121)
15 40
(141, 169, 121)
(142, 169, 121)
15 41
(141, 169, 121)
(142, 169, 121)
16 1
(145, 173, 122)
(146, 173, 122)
16 3
(146, 174, 123)
(147, 174, 123)
16 6
(144, 172, 123)
(145, 172, 123)
16 9
(143, 171, 122)
(144, 171, 122)
16 11
(141, 169, 120)
(142, 169, 120)
16 13
(140, 168, 119)
(141, 168, 119)
16 14
(140, 168, 119)
(141, 168, 119)
16 15
(140, 168, 119)
(141, 168, 119)
16 16
(140, 168, 117)
(141, 168, 117)
16 18
(140, 168, 119)
(141, 168, 119)
16 19
(140, 168, 119)
(141, 168, 119)
16 20
(140, 168, 119)
(141, 168, 119)
16 21
(140, 168, 119)
(141, 168, 119)
16 24
(140, 168, 120)
(141, 168, 120)
16 25
(140, 168, 120)
(141, 168, 120)
16 26
(140, 168, 120)
(141, 168, 120)
16 31
(141, 169, 121)
(142, 169, 121)
16 32
(141, 169, 121)
(142, 169, 121)
16 35
(141, 169, 121)
(142, 169, 121)
16 37
(141, 169, 121)
(142, 169, 121)
16 39
(141, 169, 121)
(142, 169, 121)
16 40
(141, 169, 121)
(142, 169, 121)
16 41
(141, 169, 121)
(142, 169, 121)
17 2
(146, 174, 123)
(147, 174, 123)
17 4
(146, 174, 123)
(147, 174, 123)
17 6
(144, 172, 123)
(145, 172, 123)
17 7
(144, 172, 123)
(145, 172, 123)
17 8
(143, 171, 122)
(144, 171, 122)
17 10
(142, 170, 121)
(143, 170, 121)
17 13
(140, 168, 119)
(141, 168, 119)
17 15
(140, 168, 119)
(141, 168, 119)
17 16
(140, 168, 119)
(141, 168, 119)
17 20
(140, 168, 119)
(141, 168, 119)
17 23
(140, 168, 119)
(141, 168, 119)
17 24
(140, 168, 119)
(141, 168, 119)
17 25
(140, 168, 119)
(141, 168, 119)
17 30
(141, 169, 121)
(142, 169, 121)
17 33
(141, 169, 121)
(142, 169, 121)
17 35
(141, 169, 121)
(142, 169, 121)
17 36
(141, 169, 121)
(142, 169, 121)
17 37
(141, 169, 121)
(142, 169, 121)
17 38
(141, 169, 121)
(142, 169, 121)
17 39
(141, 169, 121)
(142, 169, 121)
17 40
(141, 169, 121)
(142, 169, 121)
18 1
(145, 173, 122)
(146, 173, 122)
18 9
(143, 171, 122)
(144, 171, 122)
18 10
(142, 170, 121)
(143, 170, 121)
18 12
(140, 168, 119)
(141, 168, 119)
18 19
(140, 168, 119)
(141, 168, 119)
18 20
(140, 168, 119)
(141, 168, 119)
18 22
(140, 168, 119)
(141, 168, 119)
18 23
(140, 168, 119)
(141, 168, 119)
18 24
(140, 168, 119)
(141, 168, 119)
18 26
(140, 168, 119)
(141, 168, 119)
18 30
(141, 169, 121)
(142, 169, 121)
18 34
(141, 169, 121)
(142, 169, 121)
18 37
(141, 169, 121)
(142, 169, 121)
18 38
(141, 169, 121)
(142, 169, 121)
19 1
(146, 174, 123)
(147, 174, 123)
19 2
(146, 174, 123)
(147, 174, 123)
19 3
(146, 174, 123)
(147, 174, 123)
19 5
(146, 174, 123)
(147, 174, 123)
19 7
(145, 173, 124)
(146, 173, 124)
19 8
(144, 172, 123)
(145, 172, 123)
19 9
(143, 171, 122)
(144, 171, 122)
19 10
(142, 170, 121)
(143, 170, 121)
19 11
(141, 169, 120)
(142, 169, 120)
19 12
(140, 168, 119)
(141, 168, 119)
19 15
(140, 168, 119)
(141, 168, 119)
19 16
(140, 168, 119)
(141, 168, 119)
19 23
(140, 168, 119)
(141, 168, 119)
19 27
(140, 168, 119)
(141, 168, 119)
19 29
(141, 169, 120)
(142, 169, 120)
19 32
(141, 169, 120)
(142, 169, 120)
19 34
(141, 169, 120)
(142, 169, 120)
19 39
(141, 169, 121)
(142, 169, 121)
19 40
(141, 169, 121)
(142, 169, 121)
20 1
(145, 173, 122)
(146, 173, 122)
20 3
(145, 173, 122)
(146, 173, 122)
20 4
(145, 173, 122)
(146, 173, 122)
20 5
(145, 173, 122)
(146, 173, 122)
20 9
(143, 171, 122)
(144, 171, 122)
20 15
(140, 168, 119)
(141, 168, 119)
20 17
(140, 168, 119)
(141, 168, 119)
20 18
(140, 168, 119)
(141, 168, 119)
20 19
(140, 168, 119)
(141, 168, 119)
20 20
(140, 168, 119)
(141, 168, 119)
20 21
(140, 168, 119)
(141, 168, 119)
20 22
(140, 168, 119)
(141, 168, 119)
20 24
(140, 168, 119)
(141, 168, 119)
20 25
(140, 168, 119)
(141, 168, 119)
20 26
(140, 168, 117)
(141, 168, 117)
20 27
(140, 168, 117)
(141, 168, 117)
20 28
(140, 168, 117)
(141, 168, 117)
20 29
(140, 168, 117)
(141, 168, 117)
20 31
(140, 168, 117)
(141, 168, 117)
20 32
(140, 168, 117)
(141, 168, 117)
20 38
(140, 168, 119)
(141, 168, 119)
20 39
(140, 168, 119)
(141, 168, 119)
20 40
(141, 169, 121)
(142, 169, 121)
20 41
(141, 169, 121)
(142, 169, 121)
21 2
(144, 172, 121)
(145, 172, 121)
21 4
(144, 172, 121)
(145, 172, 121)
21 7
(145, 173, 124)
(146, 173, 124)
21 9
(144, 172, 123)
(145, 172, 123)
21 10
(143, 171, 122)
(144, 171, 122)
21 11
(142, 170, 121)
(143, 170, 121)
21 12
(141, 169, 120)
(142, 169, 120)
21 13
(140, 168, 119)
(141, 168, 119)
21 15
(140, 168, 119)
(141, 168, 119)
21 17
(140, 168, 119)
(141, 168, 119)
21 18
(140, 168, 119)
(141, 168, 119)
21 19
(140, 168, 119)
(141, 168, 119)
21 20
(140, 168, 119)
(141, 168, 119)
21 24
(140, 168, 117)
(141, 168, 117)
21 26
(140, 168, 117)
(141, 168, 117)
21 30
(140, 168, 117)
(141, 168, 117)
21 31
(140, 168, 117)
(141, 168, 117)
21 33
(140, 168, 117)
(141, 168, 117)
21 35
(140, 168, 117)
(141, 168, 117)
21 36
(140, 168, 117)
(141, 168, 117)
21 37
(140, 168, 117)
(141, 168, 117)
21 38
(140, 168, 119)
(141, 168, 119)
22 1
(144, 172, 121)
(145, 172, 121)
22 3
(143, 171, 120)
(144, 171, 120)
22 6
(144, 172, 123)
(145, 172, 123)
22 16
(140, 168, 119)
(141, 168, 119)
22 17
(140, 168, 119)
(141, 168, 119)
22 22
(140, 168, 117)
(141, 168, 117)
22 24
(140, 168, 117)
(141, 168, 117)
22 27
(140, 168, 117)
(141, 168, 117)
22 29
(140, 169, 115)
(141, 169, 115)
22 31
(140, 169, 115)
(141, 169, 115)
22 33
(140, 169, 115)
(141, 169, 115)
22 36
(140, 168, 117)
(141, 168, 117)
22 37
(140, 168, 117)
(141, 168, 117)
22 38
(140, 168, 119)
(141, 168, 119)
22 40
(141, 169, 120)
(142, 169, 120)
22 41
(141, 169, 120)
(142, 169, 120)
23 2
(143, 171, 120)
(144, 171, 120)
23 3
(143, 171, 120)
(144, 171, 120)
23 5
(143, 171, 120)
(144, 171, 120)
23 6
(144, 172, 123)
(145, 172, 123)
23 7
(145, 173, 124)
(146, 173, 124)
23 9
(144, 172, 123)
(145, 172, 123)
23 10
(143, 171, 122)
(144, 171, 122)
23 11
(142, 170, 121)
(143, 170, 121)
23 12
(141, 169, 120)
(142, 169, 120)
23 13
(140, 168, 119)
(141, 168, 119)
23 14
(140, 168, 119)
(141, 168, 119)
23 15
(140, 168, 119)
(141, 168, 119)
23 16
(140, 168, 119)
(141, 168, 119)
23 17
(140, 168, 119)
(141, 168, 119)
23 18
(140, 168, 119)
(141, 168, 119)
23 22
(140, 168, 117)
(141, 168, 117)
23 23
(140, 168, 117)
(141, 168, 117)
23 25
(140, 168, 117)
(141, 168, 117)
23 26
(140, 169, 115)
(141, 169, 115)
23 29
(140, 169, 115)
(141, 169, 115)
23 30
(140, 169, 115)
(141, 169, 115)
23 33
(140, 169, 115)
(141, 169, 115)
23 35
(140, 169, 115)
(141, 169, 115)
23 36
(140, 168, 117)
(141, 168, 117)
23 38
(140, 168, 119)
(141, 168, 119)
23 39
(140, 168, 119)
(141, 168, 119)
23 41
(141, 169, 120)
(142, 169, 120)
24 1
(143, 171, 122)
(144, 171, 122)
24 2
(143, 171, 122)
(144, 171, 122)
24 6
(143, 171, 122)
(144, 171, 122)
24 8
(143, 171, 122)
(144, 171, 122)
24 9
(143, 171, 122)
(144, 171, 122)
24 14
(140, 168, 119)
(141, 168, 119)
24 16
(140, 168, 117)
(141, 168, 117)
24 18
(140, 168, 117)
(141, 168, 117)
24 19
(140, 168, 117)
(141, 168, 117)
24 21
(140, 168, 117)
(141, 168, 117)
24 25
(140, 168, 117)
(141, 168, 117)
24 26
(140, 168, 117)
(141, 168, 117)
24 28
(140, 168, 117)
(141, 168, 117)
24 29
(140, 168, 117)
(141, 168, 117)
24 31
(140, 168, 117)
(141, 168, 117)
24 33
(140, 168, 119)
(141, 168, 119)
24 35
(140, 168, 119)
(141, 168, 119)
24 36
(140, 168, 119)
(141, 168, 119)
24 37
(140, 168, 119)
(141, 168, 119)
24 39
(140, 168, 119)
(141, 168, 119)
24 41
(141, 169, 121)
(142, 169, 121)
25 1
(143, 171, 122)
(144, 171, 122)
25 4
(143, 171, 122)
(144, 171, 122)
25 5
(143, 171, 122)
(144, 171, 122)
25 6
(143, 171, 122)
(144, 171, 122)
25 7
(143, 171, 122)
(144, 171, 122)
25 8
(143, 171, 122)
(144, 171, 122)
25 10
(142, 170, 121)
(143, 170, 121)
25 13
(140, 168, 119)
(141, 168, 119)
25 15
(140, 168, 119)
(141, 168, 119)
25 16
(140, 168, 117)
(141, 168, 117)
25 17
(140, 168, 117)
(141, 168, 117)
25 20
(140, 168, 117)
(141, 168, 117)
25 21
(140, 168, 117)
(141, 168, 117)
25 22
(140, 168, 117)
(141, 168, 117)
25 24
(140, 168, 117)
(141, 168, 117)
25 26
(140, 168, 117)
(141, 168, 117)
25 27
(140, 168, 117)
(141, 168, 117)
25 29
(140, 168, 117)
(141, 168, 117)
25 30
(140, 168, 117)
(141, 168, 117)
25 35
(140, 168, 119)
(141, 168, 119)
25 36
(140, 168, 119)
(141, 168, 119)
25 37
(140, 168, 119)
(141, 168, 119)
25 38
(140, 168, 119)
(141, 168, 119)
25 41
(141, 169, 120)
(142, 169, 120)
26 8
(143, 171, 122)
(144, 171, 122)
26 9
(143, 171, 122)
(144, 171, 122)
26 11
(142, 170, 121)
(143, 170, 121)
26 12
(141, 169, 120)
(142, 169, 120)
26 13
(140, 168, 119)
(141, 168, 119)
26 15
(140, 168, 119)
(141, 168, 119)
26 16
(140, 168, 117)
(141, 168, 117)
26 17
(140, 168, 117)
(141, 168, 117)
26 18
(140, 168, 117)
(141, 168, 117)
26 20
(140, 168, 117)
(141, 168, 117)
26 23
(140, 168, 117)
(141, 168, 117)
26 29
(140, 168, 117)
(141, 168, 117)
26 31
(140, 168, 117)
(141, 168, 117)
26 33
(140, 168, 117)
(141, 168, 117)
26 35
(140, 168, 119)
(141, 168, 119)
26 38
(140, 168, 119)
(141, 168, 119)
26 39
(140, 168, 119)
(141, 168, 119)
26 41
(141, 169, 120)
(142, 169, 120)
27 3
(143, 171, 122)
(144, 171, 122)
27 5
(143, 171, 122)
(144, 171, 122)
27 6
(143, 171, 122)
(144, 171, 122)
27 7
(143, 171, 122)
(144, 171, 122)
27 8
(143, 171, 122)
(144, 171, 122)
27 9
(142, 170, 121)
(143, 170, 121)
27 10
(142, 170, 121)
(143, 170, 121)
27 12
(141, 169, 120)
(142, 169, 120)
27 14
(140, 168, 119)
(141, 168, 119)
27 16
(140, 168, 117)
(141, 168, 117)
27 17
(140, 168, 117)
(141, 168, 117)
27 18
(140, 168, 117)
(141, 168, 117)
27 19
(140, 168, 117)
(141, 168, 117)
27 20
(140, 168, 117)
(141, 168, 117)
27 22
(140, 168, 117)
(141, 168, 117)
27 23
(140, 168, 117)
(141, 168, 117)
27 24
(140, 168, 117)
(141, 168, 117)
27 25
(140, 168, 117)
(141, 168, 117)
27 26
(140, 168, 117)
(141, 168, 117)
27 27
(140, 168, 117)
(141, 168, 117)
27 28
(140, 168, 117)
(141, 168, 117)
27 29
(140, 168, 117)
(141, 168, 117)
27 32
(140, 168, 117)
(141, 168, 117)
27 33
(140, 168, 117)
(141, 168, 117)
27 34
(140, 168, 117)
(141, 168, 117)
27 35
(140, 168, 117)
(141, 168, 117)
27 37
(140, 168, 117)
(141, 168, 117)
27 39
(140, 168, 119)
(141, 168, 119)
27 40
(140, 168, 119)
(141, 168, 119)
27 41
(140, 168, 119)
(141, 168, 119)
28 1
(142, 170, 122)
(143, 170, 122)
28 2
(142, 170, 122)
(143, 170, 122)
28 6
(142, 170, 122)
(143, 170, 122)
28 11
(141, 169, 121)
(142, 169, 121)
28 12
(141, 169, 121)
(142, 169, 121)
28 13
(140, 168, 120)
(141, 168, 120)
28 14
(140, 168, 120)
(141, 168, 120)
28 18
(140, 168, 117)
(141, 168, 117)
28 19
(140, 168, 117)
(141, 168, 117)
28 22
(140, 168, 117)
(141, 168, 117)
28 23
(140, 168, 117)
(141, 168, 117)
28 24
(140, 168, 117)
(141, 168, 117)
28 25
(140, 168, 117)
(141, 168, 117)
28 26
(140, 168, 117)
(141, 168, 117)
28 27
(140, 168, 117)
(141, 168, 117)
28 28
(140, 168, 117)
(141, 168, 117)
28 30
(140, 168, 117)
(141, 168, 117)
28 31
(140, 168, 117)
(141, 168, 117)
28 32
(140, 168, 117)
(141, 168, 117)
28 35
(140, 168, 117)
(141, 168, 117)
28 36
(140, 168, 117)
(141, 168, 117)
28 37
(140, 168, 117)
(141, 168, 117)
28 39
(140, 168, 117)
(141, 168, 117)
28 40
(140, 168, 119)
(141, 168, 119)
29 1
(142, 170, 122)
(143, 170, 122)
29 2
(142, 170, 122)
(143, 170, 122)
29 3
(142, 170, 122)
(143, 170, 122)
29 5
(142, 170, 122)
(143, 170, 122)
29 6
(142, 170, 122)
(143, 170, 122)
29 7
(142, 170, 122)
(143, 170, 122)
29 8
(142, 170, 122)
(143, 170, 122)
29 9
(142, 170, 122)
(143, 170, 122)
29 14
(140, 168, 120)
(141, 168, 120)
29 16
(140, 168, 117)
(141, 168, 117)
29 17
(140, 168, 117)
(141, 168, 117)
29 18
(140, 168, 117)
(141, 168, 117)
29 19
(140, 168, 117)
(141, 168, 117)
29 20
(140, 168, 117)
(141, 168, 117)
29 21
(140, 168, 117)
(141, 168, 117)
29 22
(140, 168, 117)
(141, 168, 117)
29 24
(140, 168, 117)
(141, 168, 117)
29 26
(140, 168, 117)
(141, 168, 117)
29 28
(140, 168, 117)
(141, 168, 117)
29 31
(140, 168, 117)
(141, 168, 117)
29 32
(140, 168, 117)
(141, 168, 117)
29 34
(140, 168, 117)
(141, 168, 117)
29 35
(140, 168, 117)
(141, 168, 117)
29 36
(140, 168, 117)
(141, 168, 117)
29 37
(140, 168, 117)
(141, 168, 117)
29 38
(140, 168, 117)
(141, 168, 117)
29 40
(140, 168, 117)
(141, 168, 117)
30 2
(142, 170, 122)
(143, 170, 122)
30 4
(142, 170, 122)
(143, 170, 122)
30 6
(142, 170, 122)
(143, 170, 122)
30 13
(140, 168, 120)
(141, 168, 120)
30 14
(140, 168, 120)
(141, 168, 120)
30 17
(140, 168, 117)
(141, 168, 117)
30 19
(140, 168, 117)
(141, 168, 117)
30 21
(140, 168, 117)
(141, 168, 117)
30 22
(140, 168, 117)
(141, 168, 117)
30 23
(140, 168, 117)
(141, 168, 117)
30 25
(140, 168, 117)
(141, 168, 117)
30 27
(140, 168, 117)
(141, 168, 117)
30 29
(140, 168, 117)
(141, 168, 117)
30 33
(140, 169, 115)
(141, 169, 115)
30 37
(140, 168, 117)
(141, 168, 117)
30 39
(140, 168, 117)
(141, 168, 117)
30 41
(140, 168, 117)
(141, 168, 117)
31 1
(142, 170, 122)
(143, 170, 122)
31 4
(142, 170, 122)
(143, 170, 122)
31 6
(142, 170, 122)
(143, 170, 122)
31 7
(142, 170, 122)
(143, 170, 122)
31 11
(141, 169, 121)
(142, 169, 121)
31 15
(140, 168, 120)
(141, 168, 120)
31 18
(140, 168, 117)
(141, 168, 117)
31 20
(140, 168, 117)
(141, 168, 117)
31 26
(140, 168, 117)
(141, 168, 117)
31 27
(140, 168, 117)
(141, 168, 117)
31 30
(140, 168, 117)
(141, 168, 117)
31 32
(140, 169, 115)
(141, 169, 115)
31 34
(140, 169, 115)
(141, 169, 115)
31 35
(140, 169, 115)
(141, 169, 115)
31 36
(140, 168, 117)
(141, 168, 117)
31 40
(140, 168, 117)
(141, 168, 117)
32 1
(142, 170, 122)
(143, 170, 122)
32 3
(142, 170, 122)
(143, 170, 122)
32 5
(142, 170, 122)
(143, 170, 122)
32 8
(142, 170, 122)
(143, 170, 122)
32 10
(141, 169, 121)
(142, 169, 121)
32 12
(141, 169, 121)
(142, 169, 121)
32 13
(141, 169, 121)
(142, 169, 121)
32 14
(141, 169, 121)
(142, 169, 121)
32 18
(140, 168, 117)
(141, 168, 117)
32 20
(140, 168, 117)
(141, 168, 117)
32 21
(140, 168, 117)
(141, 168, 117)
32 22
(140, 168, 117)
(141, 168, 117)
32 24
(140, 168, 117)
(141, 168, 117)
32 25
(140, 168, 117)
(141, 168, 117)
32 26
(140, 168, 117)
(141, 168, 117)
32 34
(140, 168, 117)
(141, 168, 117)
32 36
(140, 168, 117)
(141, 168, 117)
32 38
(140, 168, 117)
(141, 168, 117)
32 40
(140, 168, 117)
(141, 168, 117)
32 41
(140, 168, 117)
(141, 168, 117)
33 1
(142, 170, 122)
(143, 170, 122)
33 3
(142, 170, 122)
(143, 170, 122)
33 7
(142, 170, 122)
(143, 170, 122)
33 8
(142, 170, 122)
(143, 170, 122)
33 9
(142, 170, 122)
(143, 170, 122)
33 11
(141, 169, 121)
(142, 169, 121)
33 13
(141, 169, 121)
(142, 169, 121)
33 17
(140, 168, 117)
(141, 168, 117)
33 18
(140, 168, 117)
(141, 168, 117)
33 19
(140, 168, 117)
(141, 168, 117)
33 20
(140, 168, 117)
(141, 168, 117)
33 21
(140, 168, 117)
(141, 168, 117)
33 22
(140, 168, 117)
(141, 168, 117)
33 23
(140, 168, 117)
(141, 168, 117)
33 24
(140, 168, 117)
(141, 168, 117)
33 26
(140, 168, 117)
(141, 168, 117)
33 27
(140, 168, 117)
(141, 168, 117)
33 29
(140, 168, 117)
(141, 168, 117)
33 30
(140, 168, 117)
(141, 168, 117)
33 31
(140, 168, 117)
(141, 168, 117)
33 33
(140, 168, 117)
(141, 168, 117)
33 34
(140, 168, 117)
(141, 168, 117)
33 35
(140, 168, 117)
(141, 168, 117)
33 36
(140, 168, 117)
(141, 168, 117)
33 37
(140, 168, 117)
(141, 168, 117)
33 39
(140, 168, 117)
(141, 168, 117)
34 9
(142, 170, 122)
(143, 170, 122)
34 10
(141, 169, 121)
(142, 169, 121)
34 12
(141, 169, 121)
(142, 169, 121)
34 15
(140, 168, 120)
(141, 168, 120)
34 18
(140, 168, 117)
(141, 168, 117)
34 19
(140, 168, 117)
(141, 168, 117)
34 21
(140, 168, 117)
(141, 168, 117)
34 24
(140, 168, 117)
(141, 168, 117)
34 26
(140, 168, 117)
(141, 168, 117)
34 27
(140, 168, 117)
(141, 168, 117)
34 29
(140, 168, 117)
(141, 168, 117)
34 32
(140, 168, 117)
(141, 168, 117)
34 33
(140, 168, 117)
(141, 168, 117)
34 37
(140, 168, 117)
(141, 168, 117)
34 39
(140, 168, 117)
(141, 168, 117)
34 40
(140, 168, 117)
(141, 168, 117)
35 1
(142, 170, 122)
(143, 170, 122)
35 2
(142, 170, 122)
(143, 170, 122)
35 3
(142, 170, 122)
(143, 170, 122)
35 4
(142, 170, 122)
(143, 170, 122)
35 5
(142, 170, 122)
(143, 170, 122)
35 6
(143, 171, 123)
(144, 171, 123)
35 7
(143, 171, 123)
(144, 171, 123)
35 9
(142, 170, 122)
(143, 170, 122)
35 10
(142, 170, 122)
(143, 170, 122)
35 14
(140, 168, 120)
(141, 168, 120)
35 15
(140, 168, 120)
(141, 168, 120)
35 16
(140, 168, 117)
(141, 168, 117)
35 18
(140, 168, 117)
(141, 168, 117)
35 20
(140, 168, 117)
(141, 168, 117)
35 22
(140, 168, 117)
(141, 168, 117)
35 23
(140, 168, 117)
(141, 168, 117)
35 26
(140, 168, 117)
(141, 168, 117)
35 27
(140, 168, 117)
(141, 168, 117)
35 30
(140, 168, 117)
(141, 168, 117)
35 32
(140, 168, 117)
(141, 168, 117)
35 33
(140, 168, 117)
(141, 168, 117)
35 35
(140, 168, 117)
(141, 168, 117)
35 37
(140, 168, 117)
(141, 168, 117)
35 39
(140, 168, 117)
(141, 168, 117)
35 41
(140, 168, 117)
(141, 168, 117)
36 1
(141, 169, 121)
(142, 169, 121)
36 7
(143, 171, 123)
(144, 171, 123)
36 9
(142, 170, 122)
(143, 170, 122)
36 10
(142, 170, 122)
(143, 170, 122)
36 11
(141, 169, 121)
(142, 169, 121)
36 13
(140, 168, 120)
(141, 168, 120)
36 14
(140, 168, 120)
(141, 168, 120)
36 17
(140, 168, 117)
(141, 168, 117)
36 18
(140, 168, 117)
(141, 168, 117)
36 19
(140, 168, 117)
(141, 168, 117)
36 20
(140, 168, 117)
(141, 168, 117)
36 21
(140, 168, 117)
(141, 168, 117)
36 23
(140, 168, 117)
(141, 168, 117)
36 24
(140, 168, 117)
(141, 168, 117)
36 26
(140, 168, 117)
(141, 168, 117)
36 30
(140, 168, 117)
(141, 168, 117)
36 31
(140, 168, 117)
(141, 168, 117)
36 32
(140, 168, 117)
(141, 168, 117)
36 33
(140, 168, 117)
(141, 168, 117)
36 37
(140, 168, 117)
(141, 168, 117)
36 39
(140, 168, 117)
(141, 168, 117)
36 40
(140, 168, 117)
(141, 168, 117)
37 1
(141, 169, 121)
(142, 169, 121)
37 3
(142, 170, 122)
(143, 170, 122)
37 4
(142, 170, 122)
(143, 170, 122)
37 5
(143, 171, 123)
(144, 171, 123)
37 7
(143, 171, 123)
(144, 171, 123)
37 10
(142, 170, 122)
(143, 170, 122)
37 11
(141, 169, 121)
(142, 169, 121)
37 14
(140, 168, 120)
(141, 168, 120)
37 15
(140, 168, 120)
(141, 168, 120)
37 16
(140, 168, 117)
(141, 168, 117)
37 18
(140, 168, 117)
(141, 168, 117)
37 20
(140, 168, 117)
(141, 168, 117)
37 22
(140, 168, 117)
(141, 168, 117)
37 24
(140, 168, 117)
(141, 168, 117)
37 26
(140, 168, 117)
(141, 168, 117)
37 28
(140, 168, 117)
(141, 168, 117)
37 29
(140, 168, 117)
(141, 168, 117)
37 30
(140, 168, 117)
(141, 168, 117)
37 31
(140, 168, 117)
(141, 168, 117)
37 32
(140, 168, 117)
(141, 168, 117)
37 33
(140, 168, 117)
(141, 168, 117)
37 34
(140, 168, 117)
(141, 168, 117)
37 35
(140, 168, 117)
(141, 168, 117)
37 36
(140, 168, 117)
(141, 168, 117)
37 37
(140, 168, 117)
(141, 168, 117)
37 39
(140, 168, 117)
(141, 168, 117)
37 40
(140, 168, 117)
(141, 168, 117)
37 41
(140, 168, 117)
(141, 168, 117)
38 1
(141, 169, 121)
(142, 169, 121)
38 3
(142, 170, 122)
(143, 170, 122)
38 4
(142, 170, 122)
(143, 170, 122)
38 5
(143, 171, 123)
(144, 171, 123)
38 7
(143, 171, 123)
(144, 171, 123)
38 10
(142, 170, 122)
(143, 170, 122)
38 12
(141, 169, 121)
(142, 169, 121)
38 16
(140, 168, 117)
(141, 168, 117)
38 18
(140, 168, 117)
(141, 168, 117)
38 20
(140, 168, 117)
(141, 168, 117)
38 23
(140, 168, 117)
(141, 168, 117)
38 24
(140, 168, 117)
(141, 168, 117)
38 26
(140, 168, 117)
(141, 168, 117)
38 28
(140, 168, 117)
(141, 168, 117)
38 30
(140, 168, 117)
(141, 168, 117)
38 32
(140, 168, 117)
(141, 168, 117)
38 35
(140, 168, 117)
(141, 168, 117)
38 36
(140, 168, 117)
(141, 168, 117)
38 40
(140, 168, 117)
(141, 168, 117)
39 1
(141, 169, 121)
(142, 169, 121)
39 3
(142, 170, 122)
(143, 170, 122)
39 4
(142, 170, 122)
(143, 170, 122)
39 5
(143, 171, 123)
(144, 171, 123)
39 7
(143, 171, 123)
(144, 171, 123)
39 9
(142, 170, 122)
(143, 170, 122)
39 11
(141, 169, 121)
(142, 169, 121)
39 13
(140, 168, 120)
(141, 168, 120)
39 17
(140, 168, 117)
(141, 168, 117)
39 18
(140, 168, 117)
(141, 168, 117)
39 21
(140, 168, 117)
(141, 168, 117)
39 26
(140, 168, 117)
(141, 168, 117)
39 29
(140, 168, 117)
(141, 168, 117)
39 30
(140, 168, 117)
(141, 168, 117)
39 33
(140, 168, 117)
(141, 168, 117)
39 34
(140, 168, 117)
(141, 168, 117)
39 37
(140, 168, 117)
(141, 168, 117)
39 38
(140, 168, 117)
(141, 168, 117)
39 39
(140, 168, 117)
(141, 168, 117)
39 41
(140, 168, 117)
(141, 168, 117)
40 1
(141, 169, 121)
(142, 169, 121)
40 7
(143, 171, 122)
(144, 171, 122)
40 9
(142, 170, 121)
(143, 170, 121)
40 11
(138, 166, 117)
(139, 166, 117)
40 12
(140, 168, 119)
(141, 168, 119)
40 14
(139, 167, 116)
(140, 167, 116)
40 17
(140, 168, 117)
(141, 168, 117)
40 22
(140, 168, 117)
(141, 168, 117)
40 24
(140, 168, 117)
(141, 168, 117)
40 25
(140, 168, 117)
(141, 168, 117)
40 28
(140, 168, 117)
(141, 168, 117)
40 29
(140, 168, 117)
(141, 168, 117)
40 30
(140, 168, 117)
(141, 168, 117)
40 32
(140, 168, 117)
(141, 168, 117)
40 33
(140, 168, 117)
(141, 168, 117)
40 37
(140, 168, 117)
(141, 168, 117)
40 39
(140, 168, 117)
(141, 168, 117)
40 40
(140, 168, 117)
(141, 168, 117)
41 1
(141, 169, 121)
(142, 169, 121)
41 2
(141, 169, 121)
(142, 169, 121)
41 3
(142, 170, 122)
(143, 170, 122)
41 4
(142, 170, 122)
(143, 170, 122)
41 5
(143, 171, 123)
(144, 171, 123)
41 6
(143, 171, 122)
(144, 171, 122)
41 7
(143, 171, 122)
(144, 171, 122)
41 9
(143, 171, 122)
(144, 171, 122)
41 10
(143, 171, 122)
(144, 171, 122)
41 12
(140, 168, 119)
(141, 168, 119)
41 14
(139, 167, 116)
(140, 167, 116)
41 17
(140, 168, 117)
(141, 168, 117)
41 18
(140, 168, 117)
(141, 168, 117)
41 20
(140, 168, 117)
(141, 168, 117)
41 21
(140, 168, 117)
(141, 168, 117)
41 22
(140, 168, 117)
(141, 168, 117)
41 25
(140, 168, 117)
(141, 168, 117)
41 28
(140, 168, 117)
(141, 168, 117)
41 30
(140, 168, 117)
(141, 168, 117)
41 32
(140, 168, 117)
(141, 168, 117)
41 37
(140, 168, 117)
(141, 168, 117)
41 38
(140, 168, 117)
(141, 168, 117)
